Accoville	7166,1375.0,2406.0
Adger	9307,723.0,1572.0
Alder	2664,628.0,2596.0
Alpine	50556,790.0,2437.0
Alva	9587,639.0,2745.0
Amazonia	6180,974.0,2324.0
Amherstdale	7258,1799.0,3246.0
Amston	3559,631.0,1751.0
Anaheim	83997,876.0,2336.0
Anthon	1704,595.0,3645.0
Applegate	4566,510.0,1676.0
Arlington	340647,666.0,2223.0
Armona	770,377.0,1433.0
Arroyo	8782,870.0,3756.0
Ashburnham	4790,500.0,2461.0
Ashton	22820,608.0,2676.0
Atchison	3463,575.0,3125.0
Avinger	2340,864.0,2480.0
Basom	13077,775.0,2877.0
Bazine	1776,382.0,3509.0
Beckwourth	5479,599.0,3520.0
Bells	4952,686.0,2771.0
Belvue	5072,563.0,2328.0
Bernice	4444,596.0,2459.0
Bernville	1863,533.0,2369.0
Bethel	70191,918.0,2425.0
Bicknell	3634,519.0,2671.0
Blackduck	924,514.0,1587.0
Blanco	16822,1358.0,2106.0
Bleiblerville	16792,1318.0,6165.0
Blencoe	1560,424.0,2772.0
Bluejacket	2321,870.0,7880.0
Blythe	19132,575.0,1871.0
Bock	1560,664.0,904.0
Bogard	6051,994.0,2795.0
Bogue	6049,841.0,2947.0
Bowers	11963,496.0,3140.0
Bowmanstown	2603,412.0,1830.0
Bowstring	18065,824.0,3387.0
Brant	8587,485.0,1782.0
Bray	1802,790.0,1678.0
Brazoria	7052,895.0,6028.0
Brinnon	1885,382.0,2532.0
Brohman	10356,958.0,1447.0
Bruno	12606,525.0,2027.0
Bryantsville	2221,487.0,1706.0
Buckhannon	1812,429.0,2013.0
Burgaw	2113,900.0,3389.0
Bushnell	11386,739.0,2261.0
Canjilon	1602,651.0,1732.0
Carlyle	1245,492.0,2411.0
Caroleen	4684,571.0,1517.0
Carrolls	2498,504.0,2399.0
Castaic	10421,581.0,2872.0
Castlewood	13145,1278.0,2087.0
Cataldo	2629,506.0,3767.0
Catlett	3270,426.0,1663.0
Centerville	105488,786.0,2377.0
Chadwicks	6977,447.0,952.0
Chalfont	10885,1396.0,2778.0
Champion	4823,652.0,3315.0
Cheyenne	37352,673.0,2476.0
Chignik	9248,1343.0,3804.0
Chilton	7021,507.0,1856.0
Christiansburg	9235,696.0,2645.0
Cibola	2442,561.0,2303.0
Cima	2472,539.0,1659.0
Clinchfield	1088,566.0,2083.0
Clune	6324,730.0,3021.0
Collegedale	4772,496.0,2074.0
Columbiaville	8175,595.0,2375.0
Constable	4915,682.0,2923.0
Cooksburg	6323,702.0,2843.0
Coralville	1067,568.0,1504.0
Cornwall	10369,704.0,1770.0
Corryton	3978,807.0,2255.0
Cottonport	3368,597.0,4062.0
Coweta	2335,607.0,1948.0
Crary	1362,635.0,3605.0
Creedmoor	14433,824.0,2510.0
Cropwell	5979,572.0,1671.0
Cummaquid	842,525.0,1691.0
Darby	19526,601.0,1588.0
Delaplane	1346,577.0,3733.0
Dennehotso	12401,734.0,3544.0
Dillsboro	7157,1210.0,2468.0
Dittmer	5821,686.0,2867.0
Dixmont	2030,561.0,1572.0
Docena	6023,1670.0,1602.0
Doddridge	3094,548.0,3193.0
Donalds	3413,533.0,1560.0
Donora	6490,835.0,2217.0
Drytown	2038,765.0,3068.0
Duckwater	4042,508.0,2234.0
Dugger	10723,881.0,4241.0
Duke	16928,1082.0,1527.0
Dulce	5809,1084.0,2608.0
Easley	21898,1447.0,2427.0
Eldon	21608,1060.0,2155.0
Elizabethton	12349,636.0,2810.0
Elkville	6086,1316.0,1832.0
Ellenburg	4805,620.0,2184.0
Emelle	1312,660.0,1834.0
Estherwood	13596,3334.0,4784.0
Eustace	1595,624.0,2480.0
Evanston	32398,623.0,2121.0
Fairgrove	2533,635.0,2641.0
Fairplains	2118,674.0,2006.0
Farragut	2610,557.0,2108.0
Feesburg	5745,527.0,2028.0
Felton	14679,725.0,2259.0
Flom	1615,553.0,2584.0
Foreman	7308,1008.0,3510.0
Fortine	5806,868.0,2009.0
Fraser	11106,1369.0,3694.0
Frewsburg	9127,872.0,1692.0
Frostburg	7189,333.0,2985.0
Fultonham	4248,521.0,1498.0
George	3811,468.0,1931.0
Geyserville	1093,551.0,1347.0
Glasco	3606,494.0,2449.0
Glendive	7862,560.0,2874.0
Gorham	22590,567.0,2520.0
Graettinger	8709,625.0,2354.0
Granby	25437,781.0,1724.0
Grantsville	7684,530.0,3130.0
Grantville	5674,509.0,2347.0
Gravelly	3167,970.0,1835.0
Greenbrier	2925,428.0,1771.0
Grenola	7350,587.0,2812.0
Guayanilla	753,444.0,1461.0
Guin	13609,1860.0,2816.0
Gulfport	43298,752.0,2175.0
Guyton	2495,638.0,1305.0
Haiku	1024,477.0,1113.0
Halleck	2959,485.0,2201.0
Hallie	1863,561.0,2332.0
Hallieford	9412,741.0,1421.0
Hallwood	2615,653.0,2953.0
Hamler	3968,750.0,1215.0
Hansville	1662,599.0,1980.0
Harrellsville	2088,921.0,2240.0
Havana	19410,802.0,2233.0
Haynes	2904,868.0,1592.0
Heppner	3122,793.0,2094.0
Herreid	8721,610.0,2440.0
Hessmer	2063,562.0,1804.0
Hinesburg	2153,1109.0,2061.0
Hinesville	4643,688.0,2398.0
Hitterdal	1684,510.0,1683.0
Hohenwald	7486,520.0,2869.0
Holdenville	9215,579.0,1803.0
Hoopa	3148,648.0,2969.0
Howardsville	457,451.0,1121.0
Hunker	5676,740.0,951.0
Huntingdon	10994,987.0,2332.0
Hyner	967,563.0,2507.0
Ibapah	5286,684.0,2499.0
Imlay	1637,445.0,1457.0
Innis	2453,1194.0,2328.0
Irrigon	6197,840.0,3024.0
Islamorada	1377,570.0,2763.0
Jacksboro	11060,744.0,2114.0
Jennie	6470,581.0,1932.0
Jensen	1811,363.0,2483.0
Jersey	18566,928.0,1716.0
Johnson	25957,643.0,2219.0
Junedale	1383,561.0,1711.0
Kanarraville	2731,538.0,2932.0
Kealakekua	2764,805.0,2785.0
Keeling	2065,439.0,1420.0
Keene	40715,649.0,2251.0
Keiser	4727,477.0,2809.0
Kelly	16050,723.0,2556.0
Kellyville	4415,576.0,1345.0
Kenna	6262,434.0,1280.0
Kennedy	19921,669.0,3090.0
Keokee	5970,463.0,2244.0
Kimbolton	2196,906.0,3305.0
Kinard	1240,545.0,1376.0
Kingfisher	9673,1140.0,1811.0
Kinta	2039,827.0,3811.0
Kirksey	5228,892.0,1717.0
Kosciusko	5712,1343.0,3116.0
Krebs	3667,627.0,3268.0
Lackey	15169,685.0,3106.0
Ladd	4453,797.0,1678.0
Lafferty	7279,543.0,1708.0
Laings	4153,394.0,2021.0
Lakeport	1946,771.0,1355.0
Landingville	8117,778.0,3270.0
Landrum	5928,727.0,2495.0
Lares	5977,429.0,1536.0
Lasara	6395,660.0,2778.0
Leipsic	2842,726.0,1713.0
Lenorah	3432,896.0,2171.0
Leola	17384,823.0,1859.0
Lilly	12002,620.0,2048.0
Limestone	26025,825.0,2663.0
Lionville	1877,604.0,1782.0
Lockbourne	5045,687.0,3553.0
Looneyville	5921,728.0,1213.0
Loughman	9738,611.0,2479.0
Louisville	336285,791.0,2152.0
Lowake	6575,601.0,3130.0
Lucile	841,382.0,1755.0
Lund	1854,546.0,2276.0
Luxor	5875,687.0,1768.0
Lyon	7796,657.0,2586.0
Macdoel	7849,671.0,1507.0
Macksville	1348,661.0,1980.0
Macomb	29349,679.0,3127.0
Madera	12098,514.0,2000.0
Magness	5693,729.0,5238.0
Malabar	11138,676.0,1830.0
Mamaroneck	3499,488.0,1771.0
Marbury	15957,531.0,2515.0
Markleville	8188,855.0,1121.0
Marlin	12335,602.0,1255.0
Mars	6993,529.0,1692.0
Martinsburg	29306,835.0,2016.0
Matawan	7934,650.0,1958.0
Mattoon	16272,724.0,2475.0
Maxton	1509,758.0,2802.0
Mazomanie	5103,1107.0,2991.0
McAlister	2000,448.0,2474.0
McCaskill	3107,564.0,2178.0
McMechen	2029,424.0,2401.0
Mecosta	8527,932.0,2080.0
Medaryville	4892,596.0,1780.0
Melmore	5314,609.0,1744.0
Metairie	33655,649.0,1954.0
Midlothian	30455,839.0,3068.0
Millboro	2253,338.0,1496.0
Millcreek	6560,508.0,2311.0
Minneota	12319,490.0,1243.0
Miracle	6543,835.0,2938.0
Moccasin	12600,722.0,2069.0
Monaca	1019,515.0,1705.0
Moodus	1142,702.0,1386.0
Morral	9073,728.0,2521.0
Mountville	2525,525.0,1711.0
Mullens	4713,489.0,2330.0
Munising	10830,756.0,1571.0
Naples	117478,775.0,2278.0
Niagara	20567,1117.0,2310.0
Nocona	2038,845.0,2821.0
Nokomis	14095,582.0,2305.0
Norfolk	134587,677.0,2342.0
Normantown	9736,965.0,1919.0
North	10555,677.0,3065.0
Northport	27823,717.0,2405.0
Ochelata	4679,675.0,3422.0
Offerman	2766,768.0,1877.0
Olaton	2270,533.0,2052.0
Ord	1609,653.0,1405.0
Orderville	3558,1423.0,2808.0
Ouray	3775,772.0,1174.0
Ovapa	763,440.0,2492.0
Owensboro	16464,657.0,2009.0
Pasadena	205175,762.0,2301.0
Penitas	7621,508.0,1415.0
Pickering	7014,802.0,4028.0
Piggott	1772,493.0,1222.0
Pilger	11207,1898.0,3473.0
Pilgrim	2991,728.0,1489.0
Pinecliffe	1475,609.0,2672.0
Pittston	15301,546.0,3433.0
Placitas	4072,812.0,3829.0
Pleasureville	2864,577.0,2805.0
Pointblank	1303,406.0,3434.0
Potwin	18840,868.0,3180.0
Prairieton	3051,644.0,2584.0
Premier	4601,794.0,2287.0
Pulaski	50535,665.0,2213.0
Puryear	4861,593.0,2038.0
Quanah	1965,861.0,2023.0
Rago	2698,555.0,3022.0
Rainbow	1516,612.0,1622.0
Redcrest	1982,758.0,2657.0
Reinbeck	4673,920.0,1376.0
Rensselaerville	1488,708.0,1858.0
Rhame	8739,758.0,1983.0
Richfield	37768,846.0,2410.0
Richton	11826,945.0,2195.0
Rocklin	12567,1224.0,1985.0
Roodhouse	7462,1144.0,3805.0
Rosebush	8494,655.0,2570.0
Rossville	21648,709.0,2032.0
Rubicon	8528,1524.0,2822.0
Ruby	24127,787.0,2621.0
Rueter	6867,1208.0,2599.0
Rufus	6627,762.0,3402.0
Russia	8873,642.0,4558.0
Salado	29034,816.0,2301.0
Sangerville	1644,794.0,1989.0
Saylorsburg	2294,440.0,1822.0
Schaller	5277,529.0,1983.0
Schnecksville	7224,1128.0,1984.0
Schoolcraft	9377,767.0,1912.0
Schroeder	1637,431.0,1722.0
Scottsboro	2154,497.0,3411.0
Selinsgrove	757,520.0,2431.0
Senecaville	5114,475.0,1428.0
Shacklefords	7415,791.0,3176.0
Shaftsbury	4071,498.0,2553.0
Sherborn	3095,1055.0,1858.0
Shoreham	3608,489.0,2401.0
Sibley	19969,772.0,1871.0
Simon	954,368.0,1558.0
Skagway	1512,596.0,3488.0
Sledge	1981,667.0,2148.0
Sneads	3207,563.0,2103.0
Snowshoe	1718,527.0,3426.0
Sodville	2253,513.0,2323.0
Solo	3013,656.0,3282.0
Solsberry	6978,695.0,2354.0
Stateline	2024,1039.0,1318.0
Strandquist	5432,598.0,3136.0
Stringtown	3377,807.0,2115.0
Stroh	2542,966.0,1518.0
Struble	1489,1030.0,2499.0
Sugarcreek	9782,566.0,2305.0
Sumneytown	6995,442.0,2178.0
Swanville	4062,470.0,3940.0
Taiban	14687,2057.0,2243.0
Talpa	2180,600.0,1587.0
Tampico	4443,517.0,1897.0
Taneytown	2384,1005.0,3439.0
Tanner	5122,476.0,1761.0
Tarpley	1651,659.0,1143.0
Tateville	6461,694.0,2695.0
Teller	2704,1139.0,2377.0
Temecula	12666,667.0,2184.0
Tennent	1812,502.0,8728.0
Thayer	27673,755.0,3107.0
Thermal	4284,618.0,2058.0
Tippecanoe	6340,676.0,2093.0
Toano	4632,514.0,2603.0
Toluca	3109,800.0,1441.0
Trail	5825,579.0,2566.0
Treynor	2101,468.0,2734.0
Truesdale	2719,510.0,6740.0
Trufant	1004,483.0,1909.0
Tumwater	4619,692.0,2487.0
Turners	3311,873.0,2596.0
Tuscarawas	14479,817.0,3025.0
Tuscumbia	11633,722.0,3608.0
Unionville	51167,744.0,2355.0
Unityville	6046,472.0,1953.0
Utuado	17603,599.0,2652.0
Vandemere	5610,1141.0,1326.0
Vantage	8147,541.0,2827.0
Veguita	3147,505.0,1272.0
Veteran	8111,898.0,1891.0
Vian	978,629.0,1065.0
Virden	6062,505.0,2650.0
Waka	2042,732.0,1301.0
Wallburg	6000,2255.0,2350.0
Wallington	5308,1129.0,2867.0
Wallsburg	11014,680.0,1719.0
Wampum	7458,1327.0,1851.0
Wanette	3530,692.0,3532.0
War	10801,1167.0,2758.0
Waubun	2516,587.0,1994.0
Waunakee	4969,582.0,2004.0
Welda	4482,1518.0,1193.0
Westboro	14644,1020.0,2143.0
Westover	10531,619.0,1980.0
Whitesville	13441,760.0,2441.0
Whitewater	23765,747.0,2371.0
Whitingham	3742,741.0,2858.0
Whitlash	6246,547.0,1883.0
Wildie	1828,579.0,2258.0
Wingdale	4484,431.0,1045.0
Winnemucca	5070,789.0,2249.0
Wrightstown	12150,1106.0,3376.0
Wylliesburg	4199,1480.0,2196.0
Yates	10657,714.0,3131.0
Zionsville	8050,905.0,2340.0
